255 255 255 255 255 255 255 255 255 255 255 255 255 255 255 255
255 174 112 112 112 112 112 112 112 112 112 112 112 112 174 255
255 112   0   0   0   0   0   0   0   0   0   0   0   0 112 255
255 112   0   0   0 255 255 255 255 255 255 255 255   0 112 255
255 112   0   0   0 255 255 255 255 255 255 255 255   0 112 255
255 112   0 255 255   0   0   0  25 202 255 255 255   0 112 255
255 112   0 255 255  53  42   5  20 160 202 255 255   0 112 255
255 112   0 255 255 230 182  23   2  20  25 255 255   0 112 255
255 112   0 230 230 255 202  25   2  20  25 255 255   0 112 255
255 112   0  53  53 255 202  25  20 160 202 255 255   0 112 255
255 112   0   0   0 255 202  25  25 202 255 255 255   0 112 255
255 112   0   0   0 255 255 255 255 255 255 255 255   0 112 255
255 112   0   0   0 255 255 255 255 255 255 255 255   0 112 255
255 112   0   0   0   0   0   0   0   0   0   0   0   0 112 255
255 174 112 112 112 112 112 112 112 112 112 112 112 112 174 255
255 255 255 255 255 255 255 255 255 255 255 255 255 255 255 255
255 255 255 255 255 255 255 255 255 255 255 255 255 255 255 255
255 174 112 112 112 112 112 112 112 112 112 112 112 112 174 255
255 112   0   0   0   0   0   0   0   0   0   0   0   0 112 255
255 112   0   0   0 255 255 255 255 255 255 255 255   0 112 255
255 112   0   0   0 255 255 255 255 255 255 255 255   0 112 255
255 112   0 255 255   0   0   0  25 202 255 255 255   0 112 255
255 112   0 255 255  53  42   5  20 160 202 255 255   0 112 255
255 112   0 255 255 230 182  23   2  20  25 255 255   0 112 255
255 112   0 230 230 255 202  25   2  20  25 255 255   0 112 255
255 112   0  53  53 255 202  25  20 160 202 255 255   0 112 255
255 112   0   0   0 255 202  25  25 202 255 255 255   0 112 255
255 112   0   0   0 255 255 255 255 255 255 255 255   0 112 255
255 112   0   0   0 255 255 255 255 255 255 255 255   0 112 255
255 112   0   0   0   0   0   0   0   0   0   0   0   0 112 255
255 174 112 112 112 112 112 112 112 112 112 112 112 112 174 255
255 255 255 255 255 255 255 255 255 255 255 255 255 255 255 255
255 255 255 255 255 255 255 255 255 255 255 255 255 255 255 255
255 174 112 112 112 112 112 112 112 112 112 112 112 112 174 255
255 112   0   0   0   0   0   0   0   0   0   0   0   0 112 255
255 112   0   0   0 255 255 255 255 255 255 255 255   0 112 255
255 112   0   0   0 255 255 255 255 255 255 255 255   0 112 255
255 112   0 255 255   0   0   0  25 202 255 255 255   0 112 255
255 112   0 255 255  53  42   5  20 160 202 255 255   0 112 255
255 112   0 255 255 230 182  23   2  20  25 255 255   0 112 255
255 112   0 230 230 255 202  25   2  20  25 255 255   0 112 255
255 112   0  53  53 255 202  25  20 160 202 255 255   0 112 255
255 112   0   0   0 255 202  25  25 202 255 255 255   0 112 255
255 112   0   0   0 255 255 255 255 255 255 255 255   0 112 255
255 112   0   0   0 255 255 255 255 255 255 255 255   0 112 255
255 112   0   0   0   0   0   0   0   0   0   0   0   0 112 255
255 174 112 112 112 112 112 112 112 112 112 112 112 112 174 255
255 255 255 255 255 255 255 255 255 255 255 255 255 255 255 255

255 255 255 255 255 255 255 255 255 255 255 255 255 255 255 255
255 174 112 112 112 112 112 112 112 112 112 112 112 112 174 255
255 112   0   0   0   0   0   0   0   0   0   0   0   0 112 255
255 112   0 255 255 255 255 255 255 255 255 255 255   0 112 255
255 112   0 255 255 255 255 255 255 255 255 255 255   0 112 255
255 112   0 255 255 255 202  25  25 202 255 255 255   0 112 255
255 112   0 255 255 202 160  20  20 160 202 255 255   0 112 255
255 112   0 255 255  25  20   2   2  20  25 255 255   0 112 255
255 112   0 255 255   0   5  23  25  25  25 255 255   0 112 255
255 112   0 255 255   0  42 182 202 202 202 255 255   0 112 255
255 112   0 255 255   0  53 230 255 255 255 255 255   0 112 255
255 112   0   0   0 255 255 255 230  53   0   0   0   0 112 255
255 112   0   0   0 255 255 255 230  53   0   0   0   0 112 255
255 112   0   0   0   0   0   0   0   0   0   0   0   0 112 255
255 174 112 112 112 112 112 112 112 112 112 112 112 112 174 255
255 255 255 255 255 255 255 255 255 255 255 255 255 255 255 255
255 255 255 255 255 255 255 255 255 255 255 255 255 255 255 255
255 174 112 112 112 112 112 112 112 112 112 112 112 112 174 255
255 112   0   0   0   0   0   0   0   0   0   0   0   0 112 255
255 112   0 255 255 255 255 255 255 255 255 255 255   0 112 255
255 112   0 255 255 255 255 255 255 255 255 255 255   0 112 255
255 112   0 255 255 255 202  25  25 202 255 255 255   0 112 255
255 112   0 255 255 202 160  20  20 160 202 255 255   0 112 255
255 112   0 255 255  25  20   2   2  20  25 255 255   0 112 255
255 112   0 255 255   0   5  23  25  25  25 255 255   0 112 255
255 112   0 255 255   0  42 182 202 202 202 255 255   0 112 255
255 112   0 255 255   0  53 230 255 255 255 255 255   0 112 255
255 112   0   0   0 255 255 255 230  53   0   0   0   0 112 255
255 112   0   0   0 255 255 255 230  53   0   0   0   0 112 255
255 112   0   0   0   0   0   0   0   0   0   0   0   0 112 255
255 174 112 112 112 112 112 112 112 112 112 112 112 112 174 255
255 255 255 255 255 255 255 255 255 255 255 255 255 255 255 255
255 255 255 255 255 255 255 255 255 255 255 255 255 255 255 255
255 174 112 112 112 112 112 112 112 112 112 112 112 112 174 255
255 112   0   0   0   0   0   0   0   0   0   0   0   0 112 255
255 112   0 255 255 255 255 255 255 255 255 255 255   0 112 255
255 112   0 255 255 255 255 255 255 255 255 255 255   0 112 255
255 112   0 255 255 255 202  25  25 202 255 255 255   0 112 255
255 112   0 255 255 202 160  20  20 160 202 255 255   0 112 255
255 112   0 255 255  25  20   2   2  20  25 255 255   0 112 255
255 112   0 255 255   0   5  23  25  25  25 255 255   0 112 255
255 112   0 255 255   0  42 182 202 202 202 255 255   0 112 255
255 112   0 255 255   0  53 230 255 255 255 255 255   0 112 255
255 112   0   0   0 255 255 255 230  53   0   0   0   0 112 255
255 112   0   0   0 255 255 255 230  53   0   0   0   0 112 255
255 112   0   0   0   0   0   0   0   0   0   0   0   0 112 255
255 174 112 112 112 112 112 112 112 112 112 112 112 112 174 255
255 255 255 255 255 255 255 255 255 255 255 255 255 255 255 255

254 244 239 239 239 239 239 239 239 239 239 239 239 239 244 254
244 129  76  76  76  76  76  76  76  76  76  76  76  76 136 247
239  76  17  67  67  67  67  67  67  67  67  15   0   0  86 244
239  76  67 255 255 255 255 255 255 255 255  59   0   0  86 244
239  76  67 255 255 255 240 200 200 240 255  59   0   0  86 244
239  76  67 255 255 255 192  21  21 192 255  59   0   0  86 244
239  76  67 255 240 192 145  15  21 192 255 106  62  16  86 244
239  76  67 255 200  21  15   1  21 192 255 238 233  61  86 244
239  76  67 255 200  21  15   1  19 176 233 249 255  67  86 244
239  76  67 255 240 192 145  15   5  47  62 209 255  67  86 244
239  76  67 255 255 255 192  21   0   0   0 195 255  67  86 244
239  76  67 255 255 255 240 200 195 195 195  90  59  15  86 244
239  76  67 255 255 255 255 255 255 255 255  59   0   0  86 244
239  76  17  67  67  67  67  67  67  67  67  15   0   0  86 244
244 136  86  86  86  86  86  86  86  86  86  86  86  86 143 247
254 247 244 244 244 244 244 244 244 244 244 244 244 244 247 254
254 244 239 239 239 239 239 239 239 239 239 239 239 239 244 254
244 129  76  76  76  76  76  76  76  76  76  76  76  76 136 247
239  76  17  67  67  67  67  67  67  67  67  15   0   0  86 244
239  76  67 255 255 255 255 255 255 255 255  59   0   0  86 244
239  76  67 255 255 255 240 200 200 240 255  59   0   0  86 244
239  76  67 255 255 255 192  21  21 192 255  59   0   0  86 244
239  76  67 255 240 192 145  15  21 192 255 106  62  16  86 244
239  76  67 255 200  21  15   1  21 192 255 238 233  61  86 244
239  76  67 255 200  21  15   1  19 176 233 249 255  67  86 244
239  76  67 255 240 192 145  15   5  47  62 209 255  67  86 244
239  76  67 255 255 255 192  21   0   0   0 195 255  67  86 244
239  76  67 255 255 255 240 200 195 195 195  90  59  15  86 244
239  76  67 255 255 255 255 255 255 255 255  59   0   0  86 244
239  76  17  67  67  67  67  67  67  67  67  15   0   0  86 244
244 136  86  86  86  86  86  86  86  86  86  86  86  86 143 247
254 247 244 244 244 244 244 244 244 244 244 244 244 244 247 254
254 244 239 239 239 239 239 239 239 239 239 239 239 239 244 254
244 129  76  76  76  76  76  76  76  76  76  76  76  76 136 247
239  76  17  67  67  67  67  67  67  67  67  15   0   0  86 244
239  76  67 255 255 255 255 255 255 255 255  59   0   0  86 244
239  76  67 255 255 255 240 200 200 240 255  59   0   0  86 244
239  76  67 255 255 255 192  21  21 192 255  59   0   0  86 244
239  76  67 255 240 192 145  15  21 192 255 106  62  16  86 244
239  76  67 255 200  21  15   1  21 192 255 238 233  61  86 244
239  76  67 255 200  21  15   1  19 176 233 249 255  67  86 244
239  76  67 255 240 192 145  15   5  47  62 209 255  67  86 244
239  76  67 255 255 255 192  21   0   0   0 195 255  67  86 244
239  76  67 255 255 255 240 200 195 195 195  90  59  15  86 244
239  76  67 255 255 255 255 255 255 255 255  59   0   0  86 244
239  76  17  67  67  67  67  67  67  67  67  15   0   0  86 244
244 136  86  86  86  86  86  86  86  86  86  86  86  86 143 247
254 247 244 244 244 244 244 244 244 244 244 244 244 244 247 254

254 247 244 244 244 244 244 244 244 244 244 244 244 244 248 255
245 136  86  86  86  86  86  86  86  86  86  86  86  86 143 248
240  76   0   0   0   0  16  62  68  68  68  15   0   0  86 244
240  76   0   0   0   0  62 234 255 255 255  59   0   0  86 244
240  76  15  59  59  59 107 239 250 210 195  91  59  15  86 244
240  76  68 255 255 255 255 255 234  62   0 195 255  68  86 244
240  76  68 255 240 192 192 192 177  47   0 195 255  68  86 244
240  76  68 255 200  21  21  21  19   5   0 195 255  68  86 244
240  76  68 255 200  21  16   2   2  16  21 200 255  68  86 244
240  76  68 255 240 192 145  16  16 145 192 240 255  68  86 244
240  76  68 255 255 255 192  21  21 192 255 255 255  68  86 244
240  76  68 255 255 255 240 200 200 240 255 255 255  68  86 244
240  76  68 255 255 255 255 255 255 255 255 255 255  68  86 244
240  76  18  68  68  68  68  68  68  68  68  68  68  18  86 244
244 129  76  76  76  76  76  76  76  76  76  76  76  76 136 247
254 244 240 240 240 240 240 240 240 240 240 240 240 240 245 254
254 247 244 244 244 244 244 244 244 244 244 244 244 244 248 255
245 136  86  86  86  86  86  86  86  86  86  86  86  86 143 248
240  76   0   0   0   0  16  62  68  68  68  15   0   0  86 244
240  76   0   0   0   0  62 234 255 255 255  59   0   0  86 244
240  76  15  59  59  59 107 239 250 210 195  91  59  15  86 244
240  76  68 255 255 255 255 255 234  62   0 195 255  68  86 244
240  76  68 255 240 192 192 192 177  47   0 195 255  68  86 244
240  76  68 255 200  21  21  21  19   5   0 195 255  68  86 244
240  76  68 255 200  21  16   2   2  16  21 200 255  68  86 244
240  76  68 255 240 192 145  16  16 145 192 240 255  68  86 244
240  76  68 255 255 255 192  21  21 192 255 255 255  68  86 244
240  76  68 255 255 255 240 200 200 240 255 255 255  68  86 244
240  76  68 255 255 255 255 255 255 255 255 255 255  68  86 244
240  76  18  68  68  68  68  68  68  68  68  68  68  18  86 244
244 129  76  76  76  76  76  76  76  76  76  76  76  76 136 247
254 244 240 240 240 240 240 240 240 240 240 240 240 240 245 254
254 247 244 244 244 244 244 244 244 244 244 244 244 244 248 255
245 136  86  86  86  86  86  86  86  86  86  86  86  86 143 248
240  76   0   0   0   0  16  62  68  68  68  15   0   0  86 244
240  76   0   0   0   0  62 234 255 255 255  59   0   0  86 244
240  76  15  59  59  59 107 239 250 210 195  91  59  15  86 244
240  76  68 255 255 255 255 255 234  62   0 195 255  68  86 244
240  76  68 255 240 192 192 192 177  47   0 195 255  68  86 244
240  76  68 255 200  21  21  21  19   5   0 195 255  68  86 244
240  76  68 255 200  21  16   2   2  16  21 200 255  68  86 244
240  76  68 255 240 192 145  16  16 145 192 240 255  68  86 244
240  76  68 255 255 255 192  21  21 192 255 255 255  68  86 244
240  76  68 255 255 255 240 200 200 240 255 255 255  68  86 244
240  76  68 255 255 255 255 255 255 255 255 255 255  68  86 244
240  76  18  68  68  68  68  68  68  68  68  68  68  18  86 244
244 129  76  76  76  76  76  76  76  76  76  76  76  76 136 247
254 244 240 240 240 240 240 240 240 240 240 240 240 240 245 254
